***Input Layer:
*Node 0 : -0.998264, 0.22226, -0.64272, 0.691898, 0.201544, 0.0114639, -0.367649, 0.952314, 0.660466, 0.525866
*Node 1 : -0.633921, 0.644596, 0.443379, 0.0636835, -0.380678, -0.953906, -0.848236, -0.24383, -0.679504, -0.680145
*Node 2 : 0.986752, 0.147933, -0.818125, -0.863051, -0.948128, -0.171401, -0.0434479, 0.343729, 0.245695, 0.230552
*Node 3 : -0.655935, 0.50301, -0.149415, -0.194011, -0.838763, 0.271189, 0.507689, 0.730608, 0.0966016, -0.412462
*Node 4 : 0.774964, 0.567137, 0.909363, 0.915022, 0.0888339, -0.652847, -0.105376, -0.436947, 0.747866, -0.567355
*Node 5 : 0.543669, 0.740795, 0.966679, 0.953655, 0.229192, -0.259141, -0.516411, -0.408675, 0.694285, -0.973245
*Node 6 : -0.268586, -0.909949, 0.405382, -0.951961, -0.991025, 0.770511, -0.303639, -0.552327, 0.151495, 0.341421
*Node 7 : 0.683837, 0.298496, 0.00589318, -0.600433, 0.497331, -0.110317, 0.0322996, 0.774443, 0.482378, -0.802517
*Node 8 : 0.180639, -0.245573, 0.48747, 0.179467, 0.143936, -0.3033, -0.68088, -0.623756, -0.150572, 0.609409
*Node 9 : 0.0311762, 1.06823, 0.47202, -0.257132, -0.628993, 0.376777, -0.0742093, -0.772938, 0.425909, 0.025747
*Node 10 : -0.702788, 0.707396, -0.675895, 0.763932, 0.370965, -0.43409, -0.0476723, -0.942357, 0.883403, 0.346639
*Node 11 : -0.66563, 0.935924, 0.599013, 0.275835, -0.58976, -0.557995, 0.520382, 0.129036, -0.657061, 0.0366414
***Hidden Layer:
**Layer 0 : 
*Node 0 : -0.461042, 0.103784, 0.389721, 0.490846, 0.475834, -0.0596621, -0.693891, -0.280255, 0.619205, -0.984974
*Node 1 : 0.476431, 0.138237, -0.820364, 1.07878, 0.722833, 0.139597, -0.553814, 0.00594942, -0.148603, 0.825136
*Node 2 : -0.0923816, -0.474398, 0.981778, -0.389327, 0.479359, 0.135249, -0.5967, 0.52334, 0.6542, -0.237249
*Node 3 : 0.800493, -0.885839, 0.967836, 0.159785, -0.895338, 0.0624255, -0.638416, 0.690781, 0.288148, 0.323527
*Node 4 : 0.540705, -0.972559, -0.72686, 0.272762, -0.295066, 0.846321, -0.198985, -0.382718, -0.802836, 0.254769
*Node 5 : 0.33373, 0.020651, 0.486677, -0.533864, -0.616941, -1.02157, -0.733038, 0.576832, 0.657501, -0.594802
*Node 6 : 0.211291, -0.755592, -0.766525, -0.00699517, 0.433177, 0.397511, -0.0328304, -0.818548, -0.0561065, -0.522432
*Node 7 : -0.319666, 0.0502211, -0.571037, 0.290558, 0.0150011, 0.278329, -0.831117, 0.0438742, 0.986577, 0.508191
*Node 8 : -0.691212, -0.486075, -0.656161, 0.960843, -0.0274965, 0.980564, -0.706698, 0.224549, -0.846506, -0.153031
*Node 9 : -0.943777, 0.694375, -0.452668, -0.607928, 0.61151, -0.199915, -0.53476, 0.233204, 0.203798, -0.0608541
**Layer 1 : 
*Node 0 : 0.2989
*Node 1 : 0.657681
*Node 2 : -0.241731
*Node 3 : 0.507163
*Node 4 : 0.139736
*Node 5 : -0.0433863
*Node 6 : -0.450714
*Node 7 : 0.110763
*Node 8 : 0.435814
*Node 9 : 0.559548
