***Input Layer:
*Node 0 : -1.16918, 0.703227, 0.243138, 0.479085, 0.40381, 1.55718, -0.0573294, -0.996653, 2.23071, 0.132173
*Node 1 : 0.410794, 1.04655, -0.92592, 0.742631, 1.28906, -0.412655, -0.641002, -0.879941, -0.33358, -0.37415
*Node 2 : 0.244853, 1.06978, 0.0270389, -0.91257, -0.87996, -1.70806, -3.33528, 0.391998, -1.68395, 0.316698
*Node 3 : -0.248696, 0.0749345, -0.534304, 0.989304, -0.0869621, 0.423441, -0.389663, -1.16273, -1.36827, 2.31298
*Node 4 : 0.783679, 2.62546, 0.288355, -0.208412, 0.576766, -0.0991613, -0.662339, 1.74054, 0.171512, 2.06366
*Node 5 : 0.666361, -0.101971, 0.408418, -0.470944, -0.567994, -0.920162, -0.199873, 0.77442, -1.87563, 0.746715
*Node 6 : 0.36638, 0.478774, -0.629477, -0.970485, 0.304121, -0.19347, 2.02602, -0.937154, 0.0466028, 1.17911
*Node 7 : 0.0103654, -0.478483, -0.442725, -1.32218, 0.401174, -1.69945, 0.813699, 0.499725, -0.538767, -1.09021
*Node 8 : 0.356505, -2.40549, 0.406478, -0.341788, 0.232876, 2.78173, 0.781491, -0.680171, -0.633221, -0.0349162
*Node 9 : 0.524353, 2.22207, 0.158019, -0.718826, -0.13107, -0.87101, 2.52743, -1.914, 0.592661, 2.18078
*Node 10 : 0.268601, -0.289938, 0.867209, -0.487594, -0.869664, 0.765736, 1.04614, -2.8918, -0.953347, -2.41843
*Node 11 : 0.0643856, 0.782036, -0.174208, -0.674675, 0.129456, 0.780923, 1.04105, -1.00937, 0.358855, 1.90976
***Hidden Layer:
**Layer 0 : 
*Node 0 : 0.50743
*Node 1 : -3.56717
*Node 2 : -0.214073
*Node 3 : -1.36707
*Node 4 : 0.863869
*Node 5 : -2.42271
*Node 6 : -2.75992
*Node 7 : -3.72692
*Node 8 : 2.85311
*Node 9 : 3.90831
