***Input Layer:
*Node 0 : -0.934389, 0.0352594, 0.00694517, 1.0242, -0.410598, -0.370696, -1.24052, 1.70839, 0.523168, 0.921495
*Node 1 : -0.421147, 0.990227, 0.454017, 0.751457, -0.0702189, -1.7283, -1.39447, 0.313221, -0.874932, -1.74055
*Node 2 : 1.42073, 0.0857637, -1.06466, -0.681318, -1.6125, -0.235121, -0.17409, -0.0897781, 0.354559, -0.669907
*Node 3 : -0.254621, 0.403368, -0.395623, 0.553154, -1.32041, 0.712823, 1.25974, 0.29143, 0.0829644, -1.40174
*Node 4 : 0.820901, 0.305525, 0.916143, 1.34272, -0.285182, -0.532979, 0.182854, -0.974336, 0.276494, -1.35921
*Node 5 : 0.628319, 1.03446, 0.428974, 1.07866, 0.454445, -0.0956349, -0.269213, 0.401207, 1.36372, -1.14314
*Node 6 : -0.50962, -0.382192, 0.691642, -1.20349, -0.574806, 0.727448, -0.190601, 0.0579484, -0.0744089, 0.201441
*Node 7 : 1.61693, 1.22371, -1.01965, -0.84652, 1.53678, -0.989795, -0.879143, 1.16145, 0.913689, 0.279898
*Node 8 : -0.706288, -1.38031, 0.841504, 1.3421, -0.127714, -0.235085, -1.24547, -0.485428, -0.469434, 1.02109
*Node 9 : 0.389379, 1.39062, 0.552942, -1.19586, -0.750823, 0.0940835, -0.273079, -0.713353, -0.0123118, 0.387366
*Node 10 : -0.722584, 1.14003, -1.09157, 0.519961, 1.79961, -0.66354, -0.177343, -1.28412, 1.31612, 0.606827
*Node 11 : 0.00211772, 1.32164, -0.0918469, -0.0239426, -1.19927, -0.580708, 1.27374, -0.490306, -0.0425845, -0.38251
***Hidden Layer:
**Layer 0 : 
*Node 0 : -0.512123, 0.0446839, -0.176666, 0.463169, 0.930867, -0.195115, -1.24297, 0.21458, 0.659137, -1.14686, 0.476612
*Node 1 : 0.0745795, -0.827482, 0.693047, 1.12205, 0.83022, 0.0211292, -1.26946, -0.0358911, 0.755818, -1.48145, 0.450232
*Node 2 : 0.986291, -0.355508, 0.396171, 0.0101956, -0.909068, 0.455981, 1.0883, -0.242676, -0.0861712, 1.11365, -1.37143
*Node 3 : 0.276927, -0.834277, 0.327674, -0.256243, 0.933382, 0.00322043, 0.467732, -0.851484, 0.79158, -0.809444, -1.35263
*Node 4 : -0.629454, 1.0755, -0.370677, -0.439522, -0.654991, 0.543558, 1.17317, 1.56593, 0.280337, 0.458532, -0.241234
*Node 5 : -1.42646, -0.957739, 0.690806, 0.545887, -0.835613, -0.901766, 0.371408, -1.93324, -0.74886, 0.0733403, -0.212829
*Node 6 : -0.343087, -1.06381, -0.106026, -0.611238, 0.861087, -0.929164, -0.44965, -1.97692, 0.112423, -0.652939, 0.845733
*Node 7 : 0.431604, 0.954509, 0.386045, 0.895182, -0.38986, -0.337607, -1.10352, 1.34323, -0.0906286, 0.595357, -1.66479
*Node 8 : -1.10208, -0.0753819, 0.564582, -0.899645, 0.946326, -0.796815, -0.805009, 1.09036, -0.0924611, -0.651543, 0.170468
*Node 9 : 0.0343824, -0.0385019, 0.646982, 0.358264, 0.41642, 1.51436, 0.275998, -0.0115945, 0.231451, -0.0666261, -1.32021
**Layer 1 : 
*Node 0 : 0.109224, 1.21614, -0.405569, -0.652468, 0.279155, 0.520156, 0.0511302, -0.086148, 0.00349961, -1.26256
*Node 1 : 0.236589, 0.24782, 0.645897, 0.566283, -0.704861, -0.604756, 1.05971, 0.670619, 0.19667, 0.404085
*Node 2 : 0.247122, 0.886606, -0.3247, 0.197129, -0.180243, -0.537464, -0.812116, 0.838283, 0.689048, 0.394852
*Node 3 : -0.490503, -0.649693, -0.626408, 0.343455, 1.05716, 0.107535, -0.214958, -0.0244122, -0.45048, -0.38074
*Node 4 : -0.678096, -0.258142, 0.376901, -0.367225, 0.740304, 1.82825, 0.856528, 0.274376, -0.357404, 1.03227
*Node 5 : -0.975748, 0.792924, 0.248956, 0.274155, 1.19996, -1.2988, 0.790826, 0.775398, -0.367174, -1.24709
*Node 6 : -0.337399, -0.641275, 0.550292, -0.0491051, -0.278193, -1.75322, 0.0881127, -0.396825, -0.0380336, 0.877651
*Node 7 : -0.109895, 0.353789, 0.274676, 0.078136, -0.396186, -1.77376, 0.885632, -1.34364, 0.140897, 0.947134
*Node 8 : 0.483057, 0.222325, -0.203773, 0.543168, 0.230966, 0.414326, 1.07987, 0.193711, -0.623826, -0.30388
*Node 9 : 0.434833, 0.950369, 0.322083, -0.933718, -0.227587, -1.81736, 0.094239, -0.444086, 0.655759, 0.396354
*Node 10 : 0.639137, 0.50122, -1.43062, -0.95514, -0.193731, 0.490824, -0.472292, -1.7642, -0.745879, 1.00854
**Layer 2 : 
*Node 0 : -0.498961
*Node 1 : 0.775987
*Node 2 : 0.605625
*Node 3 : 0.621232
*Node 4 : 1.16361
*Node 5 : 2.36842
*Node 6 : -0.623029
*Node 7 : 1.75777
*Node 8 : 0.0543815
*Node 9 : -1.55526
